1 791627
2 791627
3 791627
4 791627
5 791627
6 850635
7 910205
8 988146
9 1038305
10 1067373
11 1086803
12 1107604
13 1123736
14 1133696
15 1140367
16 1145130
17 1151699
18 1156692
19 1160547
20 1162757
21 1164617
22 1166591
23 1168078
24 1170258
25 1172451
26 1173612
27 1173198
28 1173112
29 1173441
30 1174191
31 1175768
32 1176950
33 1178057
34 1178680
35 1177738
36 1176451
37 1176027
38 1175311
39 1174476
40 1174237
41 1174429
42 1174179
43 1174313
44 1175433
45 1175241
46 1174036
47 1172579
48 1171595
49 1170585
50 1169539
51 1168687
52 1167585
53 1166808
54 1166075
55 1165669
56 1165151
57 1166053
58 1166423
59 1165186
60 1163811
61 1162283
62 1160778
63 1159072
64 1157124
65 1155110
66 1153162
67 1150406
68 1148732
69 1146550
70 1145078
71 1144026
72 1143564
73 1143525
74 1143765
75 1143765
76 1143765
